<?xml version="1.0" encoding="UTF-8" standalone="no" ?>
<SimscapeMultibodyImportXML version="2.0" xmlns="urn:mathworks:SimscapeMultibody:import" xmlns:xsi="http://www.w3.org/2001/XMLSchema-instance">
<Created by="" on="11/08/22||22:41:06" using="Simscape Multibody Link Version 7.4" from="SolidWorks 30.2.0"/>
<ModelUnits mass="kilogram" length="millimeter"/>
<DataUnits mass="kilogram" length="meter"/>
<RootAssembly name="HEBI_5DOF_Gripper" uid="HEBI_5DOF_Gripper" version="163">
<AssemblyFile name="HEBI_5DOF_Gripper.SLDASM" type="SolidWorks Assembly"/>
<InstanceTree>
<Instance name="Base.step-1" uid="Base.step-1" grounded="true" entityUid="Base.step" rigid="true">
<Transform>
<Rotation>1 0 0 0 1 0 0 0 1</Rotation>
<Translation>-0.22497055955223633 -0.057570063232104812 0.11763948616692507</Translation>
</Transform>
<Instance name="T-Slot Adapter Plate Assembly.step-1" uid="T-Slot Adapter Plate Assembly.step-1" grounded="true" entityUid="T-Slot Adapter Plate Assembly.step" rigid="true">
<Transform>
<Rotation>0 1 0 -1 0 0 0 0 1</Rotation>
<Translation>0 0 0</Translation>
</Transform>
<Instance name="M5 FHCS, 10mm.step-1" uid="M5 FHCS, 10mm.step-1" grounded="true" entityUid="M5 FHCS, 10mm.step*:*Default">
<Transform>
<Rotation>1 -2.0000000000000002e-15 0 -2.0000000000000002e-15 -1 1.0000000000000001e-15 0 -1.0000000000000001e-15 -1</Rotation>
<Translation>-0.021655098833128002 -0.012925062722056013 -0.0024302988331279946</Translation>
</Transform>
</Instance>
<Instance name="M5 FHCS, 10mm.step-2" uid="M5 FHCS, 10mm.step-2" grounded="true" entityUid="M5 FHCS, 10mm.step*:*Default">
<Transform>
<Rotation>1 -2.0000000000000002e-15 0 -2.0000000000000002e-15 -1 1.0000000000000001e-15 0 -1.0000000000000001e-15 -1</Rotation>
<Translation>-0.021655098833128002 0.0070749372779440045 -0.0024302988331279946</Translation>
</Transform>
</Instance>
<Instance name="T-Slot Adapter Plate.step-1" uid="T-Slot Adapter Plate.step-1" grounded="true" entityUid="T-Slot Adapter Plate.step*:*Default">
<Transform>
<Rotation>-2.0000000000000002e-15 0 1 -1 0 -2.0000000000000002e-15 0 -1 0</Rotation>
<Translation>0.0023449011668719988 -0.0049250627220560061 0.0023449011668719988</Translation>
</Transform>
</Instance>
<Instance name="M5 FHCS, 10mm.step-3" uid="M5 FHCS, 10mm.step-3" grounded="true" entityUid="M5 FHCS, 10mm.step*:*Default">
<Transform>
<Rotation>1 -2.0000000000000002e-15 0 -2.0000000000000002e-15 -1 1.0000000000000001e-15 0 -1.0000000000000001e-15 -1</Rotation>
<Translation>0.026344901166871992 -0.012925062722056013 -0.0024302988331279946</Translation>
</Transform>
</Instance>
<Instance name="M5 FHCS, 10mm.step-4" uid="M5 FHCS, 10mm.step-4" grounded="true" entityUid="M5 FHCS, 10mm.step*:*Default">
<Transform>
<Rotation>1 -2.0000000000000002e-15 0 -2.0000000000000002e-15 -1 1.0000000000000001e-15 0 -1.0000000000000001e-15 -1</Rotation>
<Translation>0.026344901166871992 0.0070749372779440045 -0.0024302988331279946</Translation>
</Transform>
</Instance>
</Instance>
<Instance name="X8 Actuator.step-1" uid="X8 Actuator.step-1" grounded="true" entityUid="X8 Actuator.step" rigid="true">
<Transform>
<Rotation>-1 1.0000000000000001e-15 0 -1.0000000000000001e-15 -1 0 0 0 1</Rotation>
<Translation>-0.0049250627220570053 -0.0023449011668719988 0.025344901166871991</Translation>
</Transform>
<Instance name="X8 Actuator Body.step-1" uid="X8 Actuator Body.step-1" grounded="true" entityUid="X8 Actuator Body.step*:*Default">
<Transform>
<Rotation>1 0 0 0 1 0 0 0 1</Rotation>
<Translation>0 0 0</Translation>
</Transform>
</Instance>
<Instance name="X8 Actuator Joint.step-1" uid="X8 Actuator Joint.step-1" grounded="true" entityUid="X8 Actuator Joint.step*:*Default">
<Transform>
<Rotation>1 0 0 0 1 0 0 0 1</Rotation>
<Translation>0 0 0</Translation>
</Transform>
</Instance>
<Instance name="M3 BHCS, 40mm.step-2" uid="M3 BHCS, 40mm.step-2" grounded="true" entityUid="M3 BHCS, 40mm.step*:*Default">
<Transform>
<Rotation>1 0 0 0 1 0 0 0 1</Rotation>
<Translation>-0.014908051515875986 -0.029999999999999999 -0.0017000000000000071</Translation>
</Transform>
</Instance>
<Instance name="M3 BHCS, 40mm.step-3" uid="M3 BHCS, 40mm.step-3" grounded="true" entityUid="M3 BHCS, 40mm.step*:*Default">
<Transform>
<Rotation>1 0 0 0 1 0 0 0 1</Rotation>
<Translation>-0.030000000000000998 -0.014908051515875001 -0.0017000000000000071</Translation>
</Transform>
</Instance>
<Instance name="X8 Actuator Bottom.step-1" uid="X8 Actuator Bottom.step-1" grounded="true" entityUid="X8 Actuator Bottom.step*:*Default">
<Transform>
<Rotation>1 0 0 0 1 0 0 0 1</Rotation>
<Translation>0 0 0</Translation>
</Transform>
</Instance>
<Instance name="RJ45 Port.step-1" uid="RJ45 Port.step-1" grounded="true" entityUid="RJ45 Port.step*:*Default">
<Transform>
<Rotation>1 0 0 0 1 0 0 0 1</Rotation>
<Translation>0 0 0</Translation>
</Transform>
</Instance>
<Instance name="X8 Actuator Top.step-1" uid="X8 Actuator Top.step-1" grounded="true" entityUid="X8 Actuator Top.step*:*Default">
<Transform>
<Rotation>1 0 0 0 1 0 0 0 1</Rotation>
<Translation>0 0 0</Translation>
</Transform>
</Instance>
<Instance name="X8 Port Cover.step-1" uid="X8 Port Cover.step-1" grounded="true" entityUid="X8 Port Cover.step*:*Default">
<Transform>
<Rotation>1 0 0 0 1 0 0 0 1</Rotation>
<Translation>0 0 0</Translation>
</Transform>
</Instance>
<Instance name="M3 BHCS, 40mm.step-1" uid="M3 BHCS, 40mm.step-1" grounded="true" entityUid="M3 BHCS, 40mm.step*:*Default">
<Transform>
<Rotation>1 0 0 0 1 0 0 0 1</Rotation>
<Translation>0.018091948484124015 -0.029999999999999999 -0.0017000000000000071</Translation>
</Transform>
</Instance>
<Instance name="Power Port.step-1" uid="Power Port.step-1" grounded="true" entityUid="Power Port.step*:*Default">
<Transform>
<Rotation>1 0 0 0 1 0 0 0 1</Rotation>
<Translation>0 0 0</Translation>
</Transform>
</Instance>
<Instance name="M3 BHCS, 40mm.step-4" uid="M3 BHCS, 40mm.step-4" grounded="true" entityUid="M3 BHCS, 40mm.step*:*Default">
<Transform>
<Rotation>1 0 0 0 1 0 0 0 1</Rotation>
<Translation>-0.030000000000000998 0.014908051515876007 -0.0017000000000000071</Translation>
</Transform>
</Instance>
<Instance name="M3 BHCS, 40mm.step-8" uid="M3 BHCS, 40mm.step-8" grounded="true" entityUid="M3 BHCS, 40mm.step*:*Default">
<Transform>
<Rotation>1 0 0 0 1 0 0 0 1</Rotation>
<Translation>0.044139680154987981 -0.0073000000000000009 -0.0017000000000000071</Translation>
</Transform>
</Instance>
<Instance name="M3 BHCS, 40mm.step-6" uid="M3 BHCS, 40mm.step-6" grounded="true" entityUid="M3 BHCS, 40mm.step*:*Default">
<Transform>
<Rotation>1 0 0 0 1 0 0 0 1</Rotation>
<Translation>0.015791948484123991 0.033499999999999995 -0.0017000000000000071</Translation>
</Transform>
</Instance>
<Instance name="M3 BHCS, 40mm.step-7" uid="M3 BHCS, 40mm.step-7" grounded="true" entityUid="M3 BHCS, 40mm.step*:*Default">
<Transform>
<Rotation>1 0 0 0 1 0 0 0 1</Rotation>
<Translation>0.050139680154989041 0.029973665961009997 -0.0017000000000000071</Translation>
</Transform>
</Instance>
<Instance name="M3 BHCS, 40mm.step-5" uid="M3 BHCS, 40mm.step-5" grounded="true" entityUid="M3 BHCS, 40mm.step*:*Default">
<Transform>
<Rotation>1 0 0 0 1 0 0 0 1</Rotation>
<Translation>-0.014908051515876014 0.030000000000000006 -0.0017000000000000071</Translation>
</Transform>
</Instance>
</Instance>
</Instance>
<Instance name="Shoulder Base.step-1" uid="Shoulder Base.step-1" entityUid="Shoulder Base.step" rigid="true">
<Transform>
<Rotation>1 0 0 0 1 0 0 0 1</Rotation>
<Translation>-0.2249705595522361 -0.057570063232103924 0.11763948616692506</Translation>
</Transform>
<Instance name="Shoulder Base Bracket Assembly.step-1" uid="Shoulder Base Bracket Assembly.step-1" grounded="true" entityUid="Shoulder Base Bracket Assembly.step" rigid="true">
<Transform>
<Rotation>0 -1 0 1 0 0 0 0 1</Rotation>
<Translation>-0.0049250627220570053 -0.002344901166872998 0.047394901166871992</Translation>
</Transform>
<Instance name="M6 SHCS, 12mm.step-3" uid="M6 SHCS, 12mm.step-3" grounded="true" entityUid="M6 SHCS, 12mm.step*:*Default">
<Transform>
<Rotation>-1 0 0 0 -1 0 0 0 1</Rotation>
<Translation>0.029999999999999999 0.017500000000000016 0.01999999999999999</Translation>
</Transform>
</Instance>
<Instance name="M6 SHCS, 12mm.step-2" uid="M6 SHCS, 12mm.step-2" grounded="true" entityUid="M6 SHCS, 12mm.step*:*Default">
<Transform>
<Rotation>1 0 0 0 1 0 0 0 1</Rotation>
<Translation>-0.029999999999999999 0.017500000000000016 0.01999999999999999</Translation>
</Transform>
</Instance>
<Instance name="M5 SHCS, 14mm.step-9" uid="M5 SHCS, 14mm.step-9" grounded="true" entityUid="M5 SHCS, 14mm.step*:*Default">
<Transform>
<Rotation>0 9.9999999999999968e-16 0.99999999999999978 -0.38184931868659583 0.92422459273630153 -9.2422459273630133e-16 -0.92422459273630153 -0.38184931868659583 3.8184931868659571e-16</Rotation>
<Translation>0.042000000000000003 0.0080000000000000071 0.031</Translation>
</Transform>
</Instance>
<Instance name="M6 SHCS, 12mm.step-4" uid="M6 SHCS, 12mm.step-4" grounded="true" entityUid="M6 SHCS, 12mm.step*:*Default">
<Transform>
<Rotation>-1 0 0 0 -1 0 0 0 1</Rotation>
<Translation>0.029999999999999999 -0.017500000000000016 0.01999999999999999</Translation>
</Transform>
</Instance>
<Instance name="X-Series Heavy Bracket, Right.step-1" uid="X-Series Heavy Bracket, Right.step-1" grounded="true" entityUid="X-Series Heavy Bracket, Right.step*:*Default">
<Transform>
<Rotation>0 0 -1 -1 0 0 0 1 0</Rotation>
<Translation>-0.029999999999999999 0 0.040000000000000008</Translation>
</Transform>
</Instance>
<Instance name="M5 SHCS, 14mm.step-5" uid="M5 SHCS, 14mm.step-5" grounded="true" entityUid="M5 SHCS, 14mm.step*:*Default">
<Transform>
<Rotation>-9.9999999999999968e-16 0 -0.99999999999999978 -0.38184931868659583 -0.92422459273630153 3.8184931868659571e-16 -0.92422459273630153 0.38184931868659583 9.2422459273630133e-16</Rotation>
<Translation>-0.04200000000000001 0.0080000000000000071 0.031</Translation>
</Transform>
</Instance>
<Instance name="M5 SHCS, 12mm.step-3" uid="M5 SHCS, 12mm.step-3" grounded="true" entityUid="M5 SHCS, 12mm.step*:*Default">
<Transform>
<Rotation>0.865607748277751 -0.50072270382070905 0 -0.50072270382070905 -0.865607748277751 -1.0000000000000001e-15 0 1.0000000000000001e-15 -1</Rotation>
<Translation>0.0066969600663890003 0.01616789181894801 -0.0070000000000000062</Translation>
</Transform>
</Instance>
<Instance name="M5 SHCS, 14mm.step-10" uid="M5 SHCS, 14mm.step-10" grounded="true" entityUid="M5 SHCS, 14mm.step*:*Default">
<Transform>
<Rotation>0 9.9999999999999968e-16 0.99999999999999978 -0.38184931868659583 0.92422459273630153 -9.2422459273630133e-16 -0.92422459273630153 -0.38184931868659583 3.8184931868659571e-16</Rotation>
<Translation>0.042000000000000003 -0.012000000000000011 0.031</Translation>
</Transform>
</Instance>
<Instance name="M5 SHCS, 14mm.step-4" uid="M5 SHCS, 14mm.step-4" grounded="true" entityUid="M5 SHCS, 14mm.step*:*Default">
<Transform>
<Rotation>-9.9999999999999968e-16 0 -0.99999999999999978 -0.38184931868659583 -0.92422459273630153 3.8184931868659571e-16 -0.92422459273630153 0.38184931868659583 9.2422459273630133e-16</Rotation>
<Translation>-0.04200000000000001 -0.025999999999999995 0.044999999999999984</Translation>
</Transform>
</Instance>
<Instance name="M5 SHCS, 14mm.step-11" uid="M5 SHCS, 14mm.step-11" grounded="true" entityUid="M5 SHCS, 14mm.step*:*Default">
<Transform>
<Rotation>0 9.9999999999999968e-16 0.99999999999999978 -0.38184931868659583 0.92422459273630153 -9.2422459273630133e-16 -0.92422459273630153 -0.38184931868659583 3.8184931868659571e-16</Rotation>
<Translation>0.042000000000000003 -0.025999999999999995 0.065000000000000002</Translation>
</Transform>
</Instance>
<Instance name="M5 SHCS, 14mm.step-3" uid="M5 SHCS, 14mm.step-3" grounded="true" entityUid="M5 SHCS, 14mm.step*:*Default">
<Transform>
<Rotation>-9.9999999999999968e-16 0 -0.99999999999999978 -0.38184931868659583 -0.92422459273630153 3.8184931868659571e-16 -0.92422459273630153 0.38184931868659583 9.2422459273630133e-16</Rotation>
<Translation>-0.04200000000000001 -0.012000000000000011 0.079000000000000015</Translation>
</Transform>
</Instance>
<Instance name="M5 SHCS, 12mm.step-6" uid="M5 SHCS, 12mm.step-6" grounded="true" entityUid="M5 SHCS, 12mm.step*:*Default">
<Transform>
<Rotation>0.25801268928912796 -0.96614152802050279 -9.6614152802050273e-16 -0.96614152802050279 -0.25801268928912796 -2.5801268928912794e-16 0 9.9999999999999988e-16 -1</Rotation>
<Translation>0.016167891818947996 0.0066969600663890072 -0.0070000000000000062</Translation>
</Transform>
</Instance>
<Instance name="M5 SHCS, 14mm.step-8" uid="M5 SHCS, 14mm.step-8" grounded="true" entityUid="M5 SHCS, 14mm.step*:*Default">
<Transform>
<Rotation>0 9.9999999999999968e-16 0.99999999999999978 -0.38184931868659583 0.92422459273630153 -9.2422459273630133e-16 -0.92422459273630153 -0.38184931868659583 3.8184931868659571e-16</Rotation>
<Translation>0.042000000000000003 0.0080000000000000071 0.079000000000000015</Translation>
</Transform>
</Instance>
<Instance name="M5 SHCS, 12mm.step-2" uid="M5 SHCS, 12mm.step-2" grounded="true" entityUid="M5 SHCS, 12mm.step*:*Default">
<Transform>
<Rotation>-0.25801268928913501 0.96614152802050102 0 0.96614152802050102 0.25801268928913501 0 0 0 -1</Rotation>
<Translation>-0.016167891818947996 -0.0066969600663890072 -0.0070000000000000062</Translation>
</Transform>
</Instance>
<Instance name="M5 SHCS, 12mm.step-5" uid="M5 SHCS, 12mm.step-5" grounded="true" entityUid="M5 SHCS, 12mm.step*:*Default">
<Transform>
<Rotation>0.50072270382070527 0.86560774827775333 8.6560774827775373e-16 0.86560774827775333 -0.50072270382070527 -5.0072270382070549e-16 0 1.0000000000000005e-15 -1</Rotation>
<Translation>-0.016167891818947996 0.0066969600663890072 -0.0070000000000000062</Translation>
</Transform>
</Instance>
<Instance name="M5 SHCS, 14mm.step-7" uid="M5 SHCS, 14mm.step-7" grounded="true" entityUid="M5 SHCS, 14mm.step*:*Default">
<Transform>
<Rotation>0 9.9999999999999968e-16 0.99999999999999978 -0.38184931868659583 0.92422459273630153 -9.2422459273630133e-16 -0.92422459273630153 -0.38184931868659583 3.8184931868659571e-16</Rotation>
<Translation>0.042000000000000003 -0.025999999999999995 0.044999999999999984</Translation>
</Transform>
</Instance>
<Instance name="M5 SHCS, 14mm.step-12" uid="M5 SHCS, 14mm.step-12" grounded="true" entityUid="M5 SHCS, 14mm.step*:*Default">
<Transform>
<Rotation>0 9.9999999999999968e-16 0.99999999999999978 -0.38184931868659583 0.92422459273630153 -9.2422459273630133e-16 -0.92422459273630153 -0.38184931868659583 3.8184931868659571e-16</Rotation>
<Translation>0.042000000000000003 -0.012000000000000011 0.079000000000000015</Translation>
</Transform>
</Instance>
<Instance name="M5 SHCS, 12mm.step-8" uid="M5 SHCS, 12mm.step-8" grounded="true" entityUid="M5 SHCS, 12mm.step*:*Default">
<Transform>
<Rotation>-0.96614152802050357 -0.25801268928912491 0 -0.25801268928912491 0.96614152802050357 0 0 0 -1</Rotation>
<Translation>0.0066969600663890003 -0.01616789181894801 -0.0070000000000000062</Translation>
</Transform>
</Instance>
<Instance name="X-Series Heavy Bracket, Left.step-1" uid="X-Series Heavy Bracket, Left.step-1" grounded="true" entityUid="X-Series Heavy Bracket, Left.step*:*Default">
<Transform>
<Rotation>0 0 1 1 0 0 0 1 0</Rotation>
<Translation>0.029999999999999999 0 0.040000000000000008</Translation>
</Transform>
</Instance>
<Instance name="M5 SHCS, 14mm.step-2" uid="M5 SHCS, 14mm.step-2" grounded="true" entityUid="M5 SHCS, 14mm.step*:*Default">
<Transform>
<Rotation>-9.9999999999999968e-16 0 -0.99999999999999978 -0.38184931868659583 -0.92422459273630153 3.8184931868659571e-16 -0.92422459273630153 0.38184931868659583 9.2422459273630133e-16</Rotation>
<Translation>-0.04200000000000001 -0.025999999999999995 0.065000000000000002</Translation>
</Transform>
</Instance>
<Instance name="M5 SHCS, 14mm.step-6" uid="M5 SHCS, 14mm.step-6" grounded="true" entityUid="M5 SHCS, 14mm.step*:*Default">
<Transform>
<Rotation>-9.9999999999999968e-16 0 -0.99999999999999978 -0.38184931868659583 -0.92422459273630153 3.8184931868659571e-16 -0.92422459273630153 0.38184931868659583 9.2422459273630133e-16</Rotation>
<Translation>-0.04200000000000001 0.0080000000000000071 0.079000000000000015</Translation>
</Transform>
</Instance>
<Instance name="M5 SHCS, 12mm.step-4" uid="M5 SHCS, 12mm.step-4" grounded="true" entityUid="M5 SHCS, 12mm.step*:*Default">
<Transform>
<Rotation>0.96614152802050202 0.25801268928913101 0 0.25801268928913101 -0.96614152802050202 -1.0000000000000001e-15 0 1.0000000000000001e-15 -1</Rotation>
<Translation>-0.0066969600663890072 0.01616789181894801 -0.0070000000000000062</Translation>
</Transform>
</Instance>
<Instance name="M5 SHCS, 12mm.step-7" uid="M5 SHCS, 12mm.step-7" grounded="true" entityUid="M5 SHCS, 12mm.step*:*Default">
<Transform>
<Rotation>-0.50072270382071171 -0.86560774827774956 0 -0.86560774827774956 0.50072270382071171 0 0 0 -1</Rotation>
<Translation>0.016167891818947996 -0.0066969600663890072 -0.0070000000000000062</Translation>
</Transform>
</Instance>
<Instance name="Double Heavy Bracket Bottom.step-1" uid="Double Heavy Bracket Bottom.step-1" grounded="true" entityUid="Double Heavy Bracket Bottom.step*:*Default">
<Transform>
<Rotation>-1 0 0 0 0 1 0 1 0</Rotation>
<Translation>0 0 0.0050000000000000044</Translation>
</Transform>
</Instance>
<Instance name="M5 SHCS, 12mm.step-1" uid="M5 SHCS, 12mm.step-1" grounded="true" entityUid="M5 SHCS, 12mm.step*:*Default">
<Transform>
<Rotation>-0.86560774827775466 0.50072270382070283 0 0.50072270382070283 0.86560774827775466 0 0 0 -1</Rotation>
<Translation>-0.0066969600663890072 -0.01616789181894801 -0.0070000000000000062</Translation>
</Transform>
</Instance>
<Instance name="M6 SHCS, 12mm.step-1" uid="M6 SHCS, 12mm.step-1" grounded="true" entityUid="M6 SHCS, 12mm.step*:*Default">
<Transform>
<Rotation>1 0 0 0 1 0 0 0 1</Rotation>
<Translation>-0.029999999999999999 -0.017500000000000016 0.01999999999999999</Translation>
</Transform>
</Instance>
<Instance name="M5 SHCS, 14mm.step-1" uid="M5 SHCS, 14mm.step-1" grounded="true" entityUid="M5 SHCS, 14mm.step*:*Default">
<Transform>
<Rotation>-9.9999999999999968e-16 0 -0.99999999999999978 -0.38184931868659583 -0.92422459273630153 3.8184931868659571e-16 -0.92422459273630153 0.38184931868659583 9.2422459273630133e-16</Rotation>
<Translation>-0.04200000000000001 -0.012000000000000011 0.031</Translation>
</Transform>
</Instance>
</Instance>
<Instance name="X8 Actuator.step-1" uid="X8 Actuator.step-1" grounded="true" entityUid="X8 Actuator.step" rigid="true">
<Transform>
<Rotation>-1 0 0 0 0 1 0 1 0</Rotation>
<Translation>-0.0049250627220570053 0.058155098833127 0.10239490116687298</Translation>
</Transform>
<Instance name="X8 Port Cover.step-1" uid="X8 Port Cover.step-1" grounded="true" entityUid="X8 Port Cover.step*:*Default">
<Transform>
<Rotation>1 0 0 0 1 0 0 0 1</Rotation>
<Translation>0 0 0</Translation>
</Transform>
</Instance>
<Instance name="Power Port.step-1" uid="Power Port.step-1" grounded="true" entityUid="Power Port.step*:*Default">
<Transform>
<Rotation>1 0 0 0 1 0 0 0 1</Rotation>
<Translation>0 0 0</Translation>
</Transform>
</Instance>
<Instance name="M3 BHCS, 40mm.step-5" uid="M3 BHCS, 40mm.step-5" grounded="true" entityUid="M3 BHCS, 40mm.step*:*Default">
<Transform>
<Rotation>1 0 0 0 1 0 0 0 1</Rotation>
<Translation>-0.014908051515875986 0.029999999999999971 -0.0016999999999999999</Translation>
</Transform>
</Instance>
<Instance name="M3 BHCS, 40mm.step-7" uid="M3 BHCS, 40mm.step-7" grounded="true" entityUid="M3 BHCS, 40mm.step*:*Default">
<Transform>
<Rotation>1 0 0 0 1 0 0 0 1</Rotation>
<Translation>0.050139680154988986 0.029973665961009976 -0.0016999999999999999</Translation>
</Transform>
</Instance>
<Instance name="M3 BHCS, 40mm.step-2" uid="M3 BHCS, 40mm.step-2" grounded="true" entityUid="M3 BHCS, 40mm.step*:*Default">
<Transform>
<Rotation>1 0 0 0 1 0 0 0 1</Rotation>
<Translation>-0.014908051515875986 -0.029999999999999999 -0.0016999999999999999</Translation>
</Transform>
</Instance>
<Instance name="M3 BHCS, 40mm.step-8" uid="M3 BHCS, 40mm.step-8" grounded="true" entityUid="M3 BHCS, 40mm.step*:*Default">
<Transform>
<Rotation>1 0 0 0 1 0 0 0 1</Rotation>
<Translation>0.044139680154987981 -0.0073000000000000009 -0.0016999999999999999</Translation>
</Transform>
</Instance>
<Instance name="M3 BHCS, 40mm.step-1" uid="M3 BHCS, 40mm.step-1" grounded="true" entityUid="M3 BHCS, 40mm.step*:*Default">
<Transform>
<Rotation>1 0 0 0 1 0 0 0 1</Rotation>
<Translation>0.018091948484123987 -0.029999999999999999 -0.0016999999999999999</Translation>
</Transform>
</Instance>
<Instance name="M3 BHCS, 40mm.step-3" uid="M3 BHCS, 40mm.step-3" grounded="true" entityUid="M3 BHCS, 40mm.step*:*Default">
<Transform>
<Rotation>1 0 0 0 1 0 0 0 1</Rotation>
<Translation>-0.030000000000000998 -0.014908051515874987 -0.0016999999999999999</Translation>
</Transform>
</Instance>
<Instance name="RJ45 Port.step-1" uid="RJ45 Port.step-1" grounded="true" entityUid="RJ45 Port.step*:*Default">
<Transform>
<Rotation>1 0 0 0 1 0 0 0 1</Rotation>
<Translation>0 0 0</Translation>
</Transform>
</Instance>
<Instance name="M3 BHCS, 40mm.step-6" uid="M3 BHCS, 40mm.step-6" grounded="true" entityUid="M3 BHCS, 40mm.step*:*Default">
<Transform>
<Rotation>1 0 0 0 1 0 0 0 1</Rotation>
<Translation>0.015791948484123991 0.03350000000000003 -0.0016999999999999999</Translation>
</Transform>
</Instance>
<Instance name="M3 BHCS, 40mm.step-4" uid="M3 BHCS, 40mm.step-4" grounded="true" entityUid="M3 BHCS, 40mm.step*:*Default">
<Transform>
<Rotation>1 0 0 0 1 0 0 0 1</Rotation>
<Translation>-0.030000000000000998 0.014908051515875986 -0.0016999999999999999</Translation>
</Transform>
</Instance>
<Instance name="X8 Actuator Top.step-1" uid="X8 Actuator Top.step-1" grounded="true" entityUid="X8 Actuator Top.step*:*Default">
<Transform>
<Rotation>1 0 0 0 1 0 0 0 1</Rotation>
<Translation>0 0 0</Translation>
</Transform>
</Instance>
<Instance name="X8 Actuator Body.step-1" uid="X8 Actuator Body.step-1" grounded="true" entityUid="X8 Actuator Body.step*:*Default">
<Transform>
<Rotation>1 0 0 0 1 0 0 0 1</Rotation>
<Translation>0 0 0</Translation>
</Transform>
</Instance>
<Instance name="X8 Actuator Joint.step-1" uid="X8 Actuator Joint.step-1" grounded="true" entityUid="X8 Actuator Joint.step*:*Default">
<Transform>
<Rotation>1 0 0 0 1 0 0 0 1</Rotation>
<Translation>0 0 0</Translation>
</Transform>
</Instance>
<Instance name="X8 Actuator Bottom.step-1" uid="X8 Actuator Bottom.step-1" grounded="true" entityUid="X8 Actuator Bottom.step*:*Default">
<Transform>
<Rotation>1 0 0 0 1 0 0 0 1</Rotation>
<Translation>0 0 0</Translation>
</Transform>
</Instance>
</Instance>
<Instance name="X8 Actuator_1.step-1" uid="X8 Actuator_1.step-1" grounded="true" entityUid="X8 Actuator_1.step" rigid="true">
<Transform>
<Rotation>-1 0 0 0 -1.0000000000000001e-15 -1 0 -1 1.0000000000000001e-15</Rotation>
<Translation>-0.0049250627220570053 -0.062844901166872996 0.10239490116687298</Translation>
</Transform>
<Instance name="RJ45 Port.step-1" uid="RJ45 Port.step-1" grounded="true" entityUid="RJ45 Port.step*:*Default">
<Transform>
<Rotation>1 0 0 0 1 0 0 0 1</Rotation>
<Translation>0 0 0</Translation>
</Transform>
</Instance>
<Instance name="Power Port.step-1" uid="Power Port.step-1" grounded="true" entityUid="Power Port.step*:*Default">
<Transform>
<Rotation>1 0 0 0 1 0 0 0 1</Rotation>
<Translation>0 0 0</Translation>
</Transform>
</Instance>
<Instance name="X8 Actuator Top.step-1" uid="X8 Actuator Top.step-1" grounded="true" entityUid="X8 Actuator Top.step*:*Default">
<Transform>
<Rotation>1 0 0 0 1 0 0 0 1</Rotation>
<Translation>0 0 0</Translation>
</Transform>
</Instance>
<Instance name="X8 Actuator Body.step-1" uid="X8 Actuator Body.step-1" grounded="true" entityUid="X8 Actuator Body.step*:*Default">
<Transform>
<Rotation>1 0 0 0 1 0 0 0 1</Rotation>
<Translation>0 0 0</Translation>
</Transform>
</Instance>
<Instance name="X8 Actuator Joint.step-1" uid="X8 Actuator Joint.step-1" grounded="true" entityUid="X8 Actuator Joint.step*:*Default">
<Transform>
<Rotation>1 0 0 0 1 0 0 0 1</Rotation>
<Translation>0 0 0</Translation>
</Transform>
</Instance>
<Instance name="X8 Actuator Bottom.step-1" uid="X8 Actuator Bottom.step-1" grounded="true" entityUid="X8 Actuator Bottom.step*:*Default">
<Transform>
<Rotation>1 0 0 0 1 0 0 0 1</Rotation>
<Translation>0 0 0</Translation>
</Transform>
</Instance>
<Instance name="X8 Port Cover.step-1" uid="X8 Port Cover.step-1" grounded="true" entityUid="X8 Port Cover.step*:*Default">
<Transform>
<Rotation>1 0 0 0 1 0 0 0 1</Rotation>
<Translation>0 0 0</Translation>
</Transform>
</Instance>
<Instance name="M3 BHCS, 40mm.step-3" uid="M3 BHCS, 40mm.step-3" grounded="true" entityUid="M3 BHCS, 40mm.step*:*Default">
<Transform>
<Rotation>1 0 0 0 1 0 0 0 1</Rotation>
<Translation>-0.030000000000000998 -0.014908051515874987 -0.0017000000000000071</Translation>
</Transform>
</Instance>
<Instance name="M3 BHCS, 40mm.step-4" uid="M3 BHCS, 40mm.step-4" grounded="true" entityUid="M3 BHCS, 40mm.step*:*Default">
<Transform>
<Rotation>1 0 0 0 1 0 0 0 1</Rotation>
<Translation>-0.030000000000000998 0.014908051515876014 -0.0016999999999999932</Translation>
</Transform>
</Instance>
<Instance name="M3 BHCS, 40mm.step-1" uid="M3 BHCS, 40mm.step-1" grounded="true" entityUid="M3 BHCS, 40mm.step*:*Default">
<Transform>
<Rotation>1 0 0 0 1 0 0 0 1</Rotation>
<Translation>0.018091948484123987 -0.029999999999999971 -0.0017000000000000071</Translation>
</Transform>
</Instance>
<Instance name="M3 BHCS, 40mm.step-5" uid="M3 BHCS, 40mm.step-5" grounded="true" entityUid="M3 BHCS, 40mm.step*:*Default">
<Transform>
<Rotation>1 0 0 0 1 0 0 0 1</Rotation>
<Translation>-0.014908051515875986 0.029999999999999999 -0.0016999999999999932</Translation>
</Transform>
</Instance>
<Instance name="M3 BHCS, 40mm.step-8" uid="M3 BHCS, 40mm.step-8" grounded="true" entityUid="M3 BHCS, 40mm.step*:*Default">
<Transform>
<Rotation>1 0 0 0 1 0 0 0 1</Rotation>
<Translation>0.044139680154987981 -0.0073000000000000009 -0.0017000000000000071</Translation>
</Transform>
</Instance>
<Instance name="M3 BHCS, 40mm.step-7" uid="M3 BHCS, 40mm.step-7" grounded="true" entityUid="M3 BHCS, 40mm.step*:*Default">
<Transform>
<Rotation>1 0 0 0 1 0 0 0 1</Rotation>
<Translation>0.050139680154988986 0.029973665961010004 -0.0016999999999999932</Translation>
</Transform>
</Instance>
<Instance name="M3 BHCS, 40mm.step-6" uid="M3 BHCS, 40mm.step-6" grounded="true" entityUid="M3 BHCS, 40mm.step*:*Default">
<Transform>
<Rotation>1 0 0 0 1 0 0 0 1</Rotation>
<Translation>0.015791948484123991 0.033500000000000002 -0.0017000000000000071</Translation>
</Transform>
</Instance>
<Instance name="M3 BHCS, 40mm.step-2" uid="M3 BHCS, 40mm.step-2" grounded="true" entityUid="M3 BHCS, 40mm.step*:*Default">
<Transform>
<Rotation>1 0 0 0 1 0 0 0 1</Rotation>
<Translation>-0.014908051515875986 -0.029999999999999971 -0.0017000000000000071</Translation>
</Transform>
</Instance>
</Instance>
</Instance>
<Instance name="Shoulder Appendage.step-1" uid="Shoulder Appendage.step-1" entityUid="Shoulder Appendage.step" rigid="true">
<Transform>
<Rotation>-3.4914813388431334e-15 -1 0 1 -3.4914813388431334e-15 0 0 0 1</Rotation>
<Translation>-0.13989562227418065 -0.059914964398977588 0.22003444088922489</Translation>
</Transform>
<Instance name="Shoulder Appendage Bracket Assembly.step-1" uid="Shoulder Appendage Bracket Assembly.step-1" grounded="true" entityUid="Shoulder Appendage Bracket Assembly.step" rigid="true">
<Transform>
<Rotation>1 0 0 0 1 0 0 0 1</Rotation>
<Translation>0 0 0</Translation>
</Transform>
<Instance name="Adapter Plate.step-1" uid="Adapter Plate.step-1" grounded="true" entityUid="Adapter Plate.step*:*Default">
<Transform>
<Rotation>0 -1 0 0.99999999999935951 0 1.1317968139999996e-06 -1.1317968139999996e-06 0 0.99999999999935951</Rotation>
<Translation>-0.088550000000000004 0.09000000000011199 -5.3555427009799317e-08</Translation>
</Transform>
</Instance>
<Instance name="Connector Plate.step-1" uid="Connector Plate.step-1" grounded="true" entityUid="Connector Plate.step*:*Default">
<Transform>
<Rotation>0 1 1.0000000000000005e-15 0 1.0000000000000005e-15 -1 -1 0 0</Rotation>
<Translation>0 -0.0025000000000000022 0</Translation>
</Transform>
</Instance>
<Instance name="M5 SHCS, 12mm.step-2" uid="M5 SHCS, 12mm.step-2" grounded="true" entityUid="M5 SHCS, 12mm.step*:*Default">
<Transform>
<Rotation>0 0 1 0.99999999999935951 1.1317968139999996e-06 0 -1.1317968139999996e-06 0.99999999999935951 0</Rotation>
<Translation>-0.077549999999999994 0.096696978365265973 0.016167830683912005</Translation>
</Transform>
</Instance>
<Instance name="M5 SHCS, 12mm.step-3" uid="M5 SHCS, 12mm.step-3" grounded="true" entityUid="M5 SHCS, 12mm.step*:*Default">
<Transform>
<Rotation>0 0 -1 0.99999999999935951 -1.1317968149999997e-06 0 -1.1317968149999997e-06 -0.99999999999935951 0</Rotation>
<Translation>0.077549999999999994 0.08330305823249598 0.016167845843108014</Translation>
</Transform>
</Instance>
<Instance name="M5 SHCS, 12mm.step-4" uid="M5 SHCS, 12mm.step-4" grounded="true" entityUid="M5 SHCS, 12mm.step*:*Default">
<Transform>
<Rotation>0 9.9999999999999968e-16 1 0.99999999999935951 1.1317968139999996e-06 0 -1.1317968139999996e-06 0.99999999999935951 -9.9999999999935913e-16</Rotation>
<Translation>-0.077549999999999994 0.073832115760773975 0.0066969248097260015</Translation>
</Transform>
</Instance>
<Instance name="M5 SHCS, 12mm.step-1" uid="M5 SHCS, 12mm.step-1" grounded="true" entityUid="M5 SHCS, 12mm.step*:*Default">
<Transform>
<Rotation>0 -9.9999999999999968e-16 1 0.99999999999935951 1.1317968139999996e-06 0 -1.1317968139999996e-06 0.99999999999935951 9.9999999999935913e-16</Rotation>
<Translation>-0.077549999999999994 0.083303021634959978 -0.016167937794765996</Translation>
</Transform>
</Instance>
<Instance name="M5 SHCS, 12mm.step-5" uid="M5 SHCS, 12mm.step-5" grounded="true" entityUid="M5 SHCS, 12mm.step*:*Default">
<Transform>
<Rotation>0 -9.9999999999999968e-16 -1 0.99999999999935951 -1.1317968149999997e-06 0 -1.1317968149999997e-06 -0.99999999999935951 9.9999999999935913e-16</Rotation>
<Translation>0.077550000000000008 0.096696978365266001 0.016167830683912005</Translation>
</Transform>
</Instance>
<Instance name="M5 SHCS, 12mm.step-12" uid="M5 SHCS, 12mm.step-12" grounded="true" entityUid="M5 SHCS, 12mm.step*:*Default">
<Transform>
<Rotation>0 -1.9999999999999994e-15 1 0.99999999999935951 1.1317968139999996e-06 0 -1.1317968139999996e-06 0.99999999999935951 1.9999999999987183e-15</Rotation>
<Translation>-0.077549999999999994 0.10616788423945198 -0.0066970319205799933</Translation>
</Transform>
</Instance>
<Instance name="M5 SHCS, 12mm.step-19" uid="M5 SHCS, 12mm.step-19" grounded="true" entityUid="M5 SHCS, 12mm.step*:*Default">
<Transform>
<Rotation>0 9.9999999999999968e-16 -1 0.99999999999935951 -1.1317968149999997e-06 0 -1.1317968149999997e-06 -0.99999999999935951 -9.9999999999935913e-16</Rotation>
<Translation>0.077549999999999994 0.073832115760773004 0.0066969248097260015</Translation>
</Transform>
</Instance>
<Instance name="M5 SHCS, 12mm.step-13" uid="M5 SHCS, 12mm.step-13" grounded="true" entityUid="M5 SHCS, 12mm.step*:*Default">
<Transform>
<Rotation>0 1 0 -1.1317968149999997e-06 0 -0.99999999999935951 -0.99999999999935951 0 1.1317968149999997e-06</Rotation>
<Translation>0.011999999999999997 -0.012000027163001026 -0.023999986321683014</Translation>
</Transform>
</Instance>
<Instance name="M5 SHCS, 12mm.step-22" uid="M5 SHCS, 12mm.step-22" grounded="true" entityUid="M5 SHCS, 12mm.step*:*Default">
<Transform>
<Rotation>0 9.9999999999999968e-16 -1 0.99999999999935951 -1.1317968139999996e-06 0 -1.1317968139999996e-06 -0.99999999999935951 -9.9999999999935913e-16</Rotation>
<Translation>0.077549999999999994 0.106167884239452 -0.0066970319205799933</Translation>
</Transform>
</Instance>
<Instance name="M5 SHCS, 12mm.step-8" uid="M5 SHCS, 12mm.step-8" grounded="true" entityUid="M5 SHCS, 12mm.step*:*Default">
<Transform>
<Rotation>0 9.9999999999999968e-16 1 0.99999999999935951 1.1317968139999996e-06 0 -1.1317968139999996e-06 0.99999999999935951 -9.9999999999935913e-16</Rotation>
<Translation>-0.077549999999999994 0.083303058232495952 0.016167845843108014</Translation>
</Transform>
</Instance>
<Instance name="M5 SHCS, 12mm.step-11" uid="M5 SHCS, 12mm.step-11" grounded="true" entityUid="M5 SHCS, 12mm.step*:*Default">
<Transform>
<Rotation>0 1 0 -1.1317968149999997e-06 0 -0.99999999999935951 -0.99999999999935951 0 1.1317968149999997e-06</Rotation>
<Translation>0.025999999999999995 -0.011999988681909018 0.010000013678296005</Translation>
</Transform>
</Instance>
<Instance name="M5 SHCS, 12mm.step-15" uid="M5 SHCS, 12mm.step-15" grounded="true" entityUid="M5 SHCS, 12mm.step*:*Default">
<Transform>
<Rotation>0 0 1 0.99999999999935951 1.1317968139999996e-06 0 -1.1317968139999996e-06 0.99999999999935951 0</Rotation>
<Translation>-0.077549999999999994 0.073832100601576967 -0.0066969953230429924</Translation>
</Transform>
</Instance>
<Instance name="M5 SHCS, 12mm.step-16" uid="M5 SHCS, 12mm.step-16" grounded="true" entityUid="M5 SHCS, 12mm.step*:*Default">
<Transform>
<Rotation>0 1.9999999999999994e-15 -1 0.99999999999935951 -1.1317968149999997e-06 0 -1.1317968149999997e-06 -0.99999999999935951 -1.9999999999987183e-15</Rotation>
<Translation>0.077549999999999994 0.083303021634959007 -0.016167937794765996</Translation>
</Transform>
</Instance>
<Instance name="M5 SHCS, 12mm.step-20" uid="M5 SHCS, 12mm.step-20" grounded="true" entityUid="M5 SHCS, 12mm.step*:*Default">
<Transform>
<Rotation>0 -1 0 -1.1317968119999996e-06 0 0.99999999999935951 -0.99999999999935951 0 -1.1317968119999996e-06</Rotation>
<Translation>0.088550000000000004 0.0069999801936669881 -0.017500007825826003</Translation>
</Transform>
</Instance>
<Instance name="M5 SHCS, 12mm.step-24" uid="M5 SHCS, 12mm.step-24" grounded="true" entityUid="M5 SHCS, 12mm.step*:*Default">
<Transform>
<Rotation>0 0 -1 0.99999999999935951 -1.1317968149999997e-06 0 -1.1317968149999997e-06 -0.99999999999935951 0</Rotation>
<Translation>0.077549999999999994 0.10616789939864799 0.0066968882121890005</Translation>
</Transform>
</Instance>
<Instance name="M5 SHCS, 12mm.step-10" uid="M5 SHCS, 12mm.step-10" grounded="true" entityUid="M5 SHCS, 12mm.step*:*Default">
<Transform>
<Rotation>0 1 0 -1.1317968149999997e-06 0 -0.99999999999935951 -0.99999999999935951 0 1.1317968149999997e-06</Rotation>
<Translation>-0.0079999999999999932 -0.012000027163000998 -0.023999986321683014</Translation>
</Transform>
</Instance>
<Instance name="M5 SHCS, 12mm.step-14" uid="M5 SHCS, 12mm.step-14" grounded="true" entityUid="M5 SHCS, 12mm.step*:*Default">
<Transform>
<Rotation>0 1.9999999999999994e-15 -1 0.99999999999935951 -1.1317968149999997e-06 0 -1.1317968149999997e-06 -0.99999999999935951 -1.9999999999987183e-15</Rotation>
<Translation>0.077550000000000008 0.096696941767729 -0.016167952953962006</Translation>
</Transform>
</Instance>
<Instance name="M5 SHCS, 12mm.step-23" uid="M5 SHCS, 12mm.step-23" grounded="true" entityUid="M5 SHCS, 12mm.step*:*Default">
<Transform>
<Rotation>0 1 0 -1.1317968149999997e-06 0 -0.99999999999935951 -0.99999999999935951 0 1.1317968149999997e-06</Rotation>
<Translation>-0.0079999999999999932 -0.011999972836752998 0.024000013678286997</Translation>
</Transform>
</Instance>
<Instance name="M5 SHCS, 12mm.step-9" uid="M5 SHCS, 12mm.step-9" grounded="true" entityUid="M5 SHCS, 12mm.step*:*Default">
<Transform>
<Rotation>0 1 0 -1.1317968149999997e-06 0 -0.99999999999935951 -0.99999999999935951 0 1.1317968149999997e-06</Rotation>
<Translation>0.025999999999999995 -0.012000011317845033 -0.0099999863216919949</Translation>
</Transform>
</Instance>
<Instance name="M5 SHCS, 12mm.step-17" uid="M5 SHCS, 12mm.step-17" grounded="true" entityUid="M5 SHCS, 12mm.step*:*Default">
<Transform>
<Rotation>0 -1 0 -1.1317968119999996e-06 0 0.99999999999935951 -0.99999999999935951 0 -1.1317968119999996e-06</Rotation>
<Translation>-0.088550000000000004 0.0070000198065549857 0.017499992174150991</Translation>
</Transform>
</Instance>
<Instance name="M5 SHCS, 12mm.step-21" uid="M5 SHCS, 12mm.step-21" grounded="true" entityUid="M5 SHCS, 12mm.step*:*Default">
<Transform>
<Rotation>0 -1 0 -1.1317968119999996e-06 0 0.99999999999935951 -0.99999999999935951 0 -1.1317968119999996e-06</Rotation>
<Translation>-0.088550000000000004 0.0069999801936669881 -0.017500007825826003</Translation>
</Transform>
</Instance>
<Instance name="M5 SHCS, 12mm.step-6" uid="M5 SHCS, 12mm.step-6" grounded="true" entityUid="M5 SHCS, 12mm.step*:*Default">
<Transform>
<Rotation>0 -9.9999999999999968e-16 1 0.99999999999935951 1.1317968139999996e-06 0 -1.1317968139999996e-06 0.99999999999935951 9.9999999999935913e-16</Rotation>
<Translation>-0.077549999999999994 0.10616789939864796 0.0066968882121890005</Translation>
</Transform>
</Instance>
<Instance name="Adapter Plate.step-2" uid="Adapter Plate.step-2" grounded="true" entityUid="Adapter Plate.step*:*Default">
<Transform>
<Rotation>0 1 0 0.99999999999935951 0 -1.1317968139999996e-06 -1.1317968139999996e-06 0 -0.99999999999935951</Rotation>
<Translation>0.088550000000000004 0.090000000000111963 -5.3555427009799317e-08</Translation>
</Transform>
</Instance>
<Instance name="M5 SHCS, 12mm.step-7" uid="M5 SHCS, 12mm.step-7" grounded="true" entityUid="M5 SHCS, 12mm.step*:*Default">
<Transform>
<Rotation>0 1 0 -1.1317968149999997e-06 0 -0.99999999999935951 -0.99999999999935951 0 1.1317968149999997e-06</Rotation>
<Translation>0.011999999999999997 -0.011999972836754025 0.024000013678286997</Translation>
</Transform>
</Instance>
<Instance name="M5 SHCS, 12mm.step-18" uid="M5 SHCS, 12mm.step-18" grounded="true" entityUid="M5 SHCS, 12mm.step*:*Default">
<Transform>
<Rotation>0 -1 0 -1.1317968119999996e-06 0 0.99999999999935951 -0.99999999999935951 0 -1.1317968119999996e-06</Rotation>
<Translation>0.088550000000000004 0.0070000198065549857 0.017499992174150991</Translation>
</Transform>
</Instance>
<Instance name="M5 SHCS, 12mm.step-25" uid="M5 SHCS, 12mm.step-25" grounded="true" entityUid="M5 SHCS, 12mm.step*:*Default">
<Transform>
<Rotation>0 9.9999999999999968e-16 -1 0.99999999999935951 -1.1317968149999997e-06 0 -1.1317968149999997e-06 -0.99999999999935951 -9.9999999999935913e-16</Rotation>
<Translation>0.077549999999999994 0.073832100601576994 -0.0066969953230429924</Translation>
</Transform>
</Instance>
<Instance name="M5 SHCS, 12mm.step-26" uid="M5 SHCS, 12mm.step-26" grounded="true" entityUid="M5 SHCS, 12mm.step*:*Default">
<Transform>
<Rotation>0 -9.9999999999999968e-16 1 0.99999999999935951 1.1317968139999996e-06 0 -1.1317968139999996e-06 0.99999999999935951 9.9999999999935913e-16</Rotation>
<Translation>-0.077549999999999994 0.096696941767728972 -0.016167952953962006</Translation>
</Transform>
</Instance>
</Instance>
<Instance name="X8 Actuator.step-1" uid="X8 Actuator.step-1" grounded="true" entityUid="X8 Actuator.step" rigid="true">
<Transform>
<Rotation>-1 1.0000000000000001e-15 0 0 0 -1 -1.0000000000000001e-15 -1 0</Rotation>
<Translation>0 -0.028000000000000011 0</Translation>
</Transform>
<Instance name="X8 Actuator Top.step-1" uid="X8 Actuator Top.step-1" grounded="true" entityUid="X8 Actuator Top.step*:*Default">
<Transform>
<Rotation>1 0 0 0 1 0 0 0 1</Rotation>
<Translation>0 0 0</Translation>
</Transform>
</Instance>
<Instance name="X8 Actuator Body.step-1" uid="X8 Actuator Body.step-1" grounded="true" entityUid="X8 Actuator Body.step*:*Default">
<Transform>
<Rotation>1 0 0 0 1 0 0 0 1</Rotation>
<Translation>0 0 0</Translation>
</Transform>
</Instance>
<Instance name="X8 Actuator Joint.step-1" uid="X8 Actuator Joint.step-1" grounded="true" entityUid="X8 Actuator Joint.step*:*Default">
<Transform>
<Rotation>1 0 0 0 1 0 0 0 1</Rotation>
<Translation>0 0 0</Translation>
</Transform>
</Instance>
